0.0290942631234333 0.0099181961459204 0.0155039811331626 0.0058145377387341 0.0194667621991483 0.0191861471538059 0.0086501762078568 0.0026309188168015 0.0125439806027639
0.0099181961459204 0.0290173057512953 0.0155532573359495 0.0057937182833277 0.0189432559540711 0.0190942269894171 0.0026303001670910 0.0087065492638390 0.0123625425818333
0.0155039811331626 0.0155532573359495 0.0698712459702370 0.0013139838915271 0.0060833369559742 0.0060584961617427 0.0098165385464919 0.0099280513090799 0.0021312039637497
0.0058145377387341 0.0057937182833277 0.0013139838915271 0.0312002863799267 0.0058673574840446 0.0058348409590310 0.0116119793135815 0.0115061772819692 0.0072940102134430
0.0194667621991483 0.0189432559540711 0.0060833369559742 0.0058673574840446 0.0335508362183243 0.0116523587522484 0.0036086920858502 0.0034830090293700 0.0222445995543328
0.0191861471538059 0.0190942269894171 0.0060584961617427 0.0058348409590310 0.0116523587522484 0.0335391797623646 0.0034452941449106 0.0035434698716240 0.0227067641051920
0.0086501762078568 0.0026303001670910 0.0098165385464919 0.0116119793135815 0.0036086920858502 0.0034452941449106 0.0556954692381979 0.0125132120402626 0.0032468397124429
0.0026309188168015 0.0087065492638390 0.0099280513090799 0.0115061772819692 0.0034830090293700 0.0035434698716240 0.0125132120402626 0.0558072213888095 0.0032801695504727
0.0125439806027639 0.0123625425818333 0.0021312039637497 0.0072940102134430 0.0222445995543328 0.0227067641051920 0.0032468397124429 0.0032801695504727 0.0396144128462093
