0.0102997740062748 0.0025572925550956 0.0025597534407264 0.0009313039907403 0.0010140394739962 0.0005998242820182 0.0026440894089822 0.0026642271368248 0.0022872465379415
0.0025572925550956 0.0050890546300955 0.0014041876525290 0.0020411168757943 0.0023797432283848 0.0016867438583597 0.0015136030080659 0.0008228782485067 0.0020944031684287
0.0025597534407264 0.0014041876525290 0.0050741552515210 0.0023925679283220 0.0022827814448082 0.0013818075078426 0.0008304460924730 0.0015130955630380 0.0021351497012373
0.0009313039907403 0.0020411168757943 0.0023925679283220 0.0038803611499043 0.0010810743443126 0.0014942909051132 0.0007180629910379 0.0008814742469799 0.0019671700896428
0.0010140394739962 0.0023797432283848 0.0022827814448082 0.0010810743443126 0.0047598166032586 0.0010847003921709 0.0009269797153392 0.0006979420187744 0.0021251569294098
0.0005998242820182 0.0016867438583597 0.0013818075078426 0.0014942909051132 0.0010847003921709 0.0014277450427836 0.0008284452371494 0.0008686802671812 0.0009340541512789
0.0026440894089822 0.0015136030080659 0.0008304460924730 0.0007180629910379 0.0009269797153392 0.0008284452371494 0.0042581561910988 0.0023156019948760 0.0009605537598776
0.0026642271368248 0.0008228782485067 0.0015130955630380 0.0008814742469799 0.0006979420187744 0.0008686802671812 0.0023156019948760 0.0044489812519471 0.0009425422231721
0.0022872465379415 0.0020944031684287 0.0021351497012373 0.0019671700896428 0.0021251569294098 0.0009340541512789 0.0009605537598776 0.0009425422231721 0.0042576980131730
